Empirical delta per voucher per day

 day  tte  voucher    K  delta_emp    n
   0    8 VEV_4000 4000   0.744474 9999
   0    8 VEV_4500 4500   0.659843 9999
   0    8 VEV_5000 5000   0.650663 9999
   0    8 VEV_5100 5100   0.560695 9999
   0    8 VEV_5200 5200   0.429985 9999
   0    8 VEV_5300 5300   0.273647 9999
   0    8 VEV_5400 5400   0.137859 9999
   0    8 VEV_5500 5500   0.063822 9999
   0    8 VEV_6000 6000        NaN 9999
   0    8 VEV_6500 6500        NaN 9999
   1    7 VEV_4000 4000   0.758207 9999
   1    7 VEV_4500 4500   0.665889 9999
   1    7 VEV_5000 5000   0.652066 9999
   1    7 VEV_5100 5100   0.575960 9999
   1    7 VEV_5200 5200   0.432058 9999
   1    7 VEV_5300 5300   0.271031 9999
   1    7 VEV_5400 5400   0.127012 9999
   1    7 VEV_5500 5500   0.054265 9999
   1    7 VEV_6000 6000        NaN 9999
   1    7 VEV_6500 6500        NaN 9999
   2    6 VEV_4000 4000   0.732538 9999
   2    6 VEV_4500 4500   0.659606 9999
   2    6 VEV_5000 5000   0.657733 9999
   2    6 VEV_5100 5100   0.594821 9999
   2    6 VEV_5200 5200   0.447704 9999
   2    6 VEV_5300 5300   0.273407 9999
   2    6 VEV_5400 5400   0.122003 9999
   2    6 VEV_5500 5500   0.046774 9999
   2    6 VEV_6000 6000        NaN 9999
   2    6 VEV_6500 6500        NaN 9999
